"x"
0.274347260646063
-0.0177434918458972
-0.108925032737064
-0.607783818968688
-0.510191378479501
-0.61306429934125
0.669226222373046
0.00403879092060517
0.0921508600211059
-0.965207115039421
-0.95440802665318
-0.938900969424022
0.0789381220355816
0.0079481069090025
-0.00467469823628666
-0.63978102073413
-0.607971599340832
-0.762820240449202
-0.0309824871713436
-0.0747194855994359
0.088357304227173
-0.721192598029789
-0.682653506899942
-0.653665674372188
-0.0967092754729682
-0.0423181079782632
-0.0548303497968374
-0.731348533131935
-0.786062320321895
-0.739932395222129
-0.54822165976717
-0.591225327146546
-0.54822165976717
-0.591225327146546
-0.649417950650692
-0.627762945785391
-0.60524856977632
-0.662533062898382
-0.762137610987416
-0.77799317279698
